
Graph: 
v 0 1
Code: (-1 0 -1 -1 1)
Child: 

Graph: 
v 1 2
Code: (-1 0 -1 -1 2)
Child: 

Graph: 
v 2 3
Code: (-1 0 -1 -1 3)
Child: 

Graph: 
v 3 1
Code: (-1 0 -1 -1 1)
Child: 

Graph: 
v 4 2
Code: (-1 0 -1 -1 2)
Child: 

Graph: 
v 5 1
Code: (-1 0 -1 -1 1)
Child: 

Graph: 
v 6 2
Code: (-1 0 -1 -1 2)
Child: 

Graph: 
v 7 3
Code: (-1 0 -1 -1 3)
Child: 

Graph: 
v 8 4
Code: (-1 0 -1 -1 4)
Child: 

Graph: 
v 9 1
Code: (-1 0 -1 -1 1)
Child: 

Graph: 
v 10 2
Code: (-1 0 -1 -1 2)
Child: 

Graph: 
v 11 1
Code: (-1 0 -1 -1 1)
Child: 

Graph: 
v 12 3
Code: (-1 0 -1 -1 3)
Child: 

Graph: 
v 0 1
v 1 2
e 0 1 0
Code: (0 1 1 0 2)
Child: 
(-1 0 -1 -1 1)
(-1 0 -1 -1 2)

Graph: 
v 0 1
v 2 3
e 0 2 0
Code: (0 1 1 0 3)
Child: 
(-1 0 -1 -1 1)
(-1 0 -1 -1 3)

Graph: 
v 1 2
v 2 3
e 1 2 0
Code: (0 1 2 0 3)
Child: 
(-1 0 -1 -1 2)
(-1 0 -1 -1 3)

Graph: 
v 2 3
v 3 1
e 2 3 0
Code: (0 1 1 0 3)
Child: 
(-1 0 -1 -1 3)
(-1 0 -1 -1 1)

Graph: 
v 2 3
v 8 4
e 2 8 0
Code: (0 1 3 0 4)
Child: 
(-1 0 -1 -1 3)

Graph: 
v 3 1
v 4 2
e 3 4 0
Code: (0 1 1 0 2)
Child: 
(-1 0 -1 -1 1)
(-1 0 -1 -1 2)

Graph: 
v 4 2
v 5 1
e 4 5 0
Code: (0 1 1 0 2)
Child: 
(-1 0 -1 -1 2)
(-1 0 -1 -1 1)

Graph: 
v 5 1
v 6 2
e 5 6 0
Code: (0 1 1 0 2)
Child: 
(-1 0 -1 -1 1)
(-1 0 -1 -1 2)

Graph: 
v 5 1
v 7 3
e 5 7 0
Code: (0 1 1 0 3)
Child: 
(-1 0 -1 -1 1)
(-1 0 -1 -1 3)

Graph: 
v 6 2
v 7 3
e 6 7 0
Code: (0 1 2 0 3)
Child: 
(-1 0 -1 -1 2)
(-1 0 -1 -1 3)

Graph: 
v 8 4
v 9 1
e 8 9 0
Code: (0 1 1 0 4)
Child: 
(-1 0 -1 -1 1)

Graph: 
v 9 1
v 10 2
e 9 10 0
Code: (0 1 1 0 2)
Child: 
(-1 0 -1 -1 1)
(-1 0 -1 -1 2)

Graph: 
v 9 1
v 12 3
e 9 12 0
Code: (0 1 1 0 3)
Child: 
(-1 0 -1 -1 1)
(-1 0 -1 -1 3)

Graph: 
v 10 2
v 12 3
e 10 12 0
Code: (0 1 2 0 3)
Child: 
(-1 0 -1 -1 2)
(-1 0 -1 -1 3)

Graph: 
v 10 2
v 11 1
e 10 11 0
Code: (0 1 1 0 2)
Child: 
(-1 0 -1 -1 2)
(-1 0 -1 -1 1)

Graph: 
v 0 1
v 1 2
v 2 3
e 0 1 0
e 0 2 0
Code: (0 1 1 0 2)(0 2 -1 0 3)
Child: 
(0 1 1 0 2)
(0 1 1 0 3)

Graph: 
v 0 1
v 1 2
v 2 3
e 0 1 0
e 1 2 0
Code: (0 1 1 0 2)(1 2 -1 0 3)
Child: 
(0 1 1 0 2)
(0 1 2 0 3)

Graph: 
v 0 1
v 1 2
v 2 3
e 0 2 0
e 1 2 0
Code: (0 1 1 0 3)(1 2 -1 0 2)
Child: 
(0 1 1 0 3)
(0 1 2 0 3)

Graph: 
v 0 1
v 2 3
v 3 1
e 0 2 0
e 2 3 0
Code: (0 1 1 0 3)(1 2 -1 0 1)
Child: 
(0 1 1 0 3)
(0 1 1 0 3)

Graph: 
v 0 1
v 2 3
v 8 4
e 0 2 0
e 2 8 0
Code: (0 1 1 0 3)(1 2 -1 0 4)
Child: 
(0 1 1 0 3)

Graph: 
v 1 2
v 2 3
v 3 1
e 1 2 0
e 2 3 0
Code: (0 1 1 0 3)(1 2 -1 0 2)
Child: 
(0 1 2 0 3)
(0 1 1 0 3)

Graph: 
v 1 2
v 2 3
v 8 4
e 1 2 0
e 2 8 0
Code: (0 1 2 0 3)(1 2 -1 0 4)
Child: 
(0 1 2 0 3)

Graph: 
v 2 3
v 3 1
v 8 4
e 2 3 0
e 2 8 0
Code: (0 1 1 0 3)(1 2 -1 0 4)
Child: 
(0 1 1 0 3)

Graph: 
v 2 3
v 3 1
v 4 2
e 2 3 0
e 3 4 0
Code: (0 1 1 0 2)(0 2 -1 0 3)
Child: 
(0 1 1 0 3)
(0 1 1 0 2)

Graph: 
v 3 1
v 4 2
v 5 1
e 3 4 0
e 4 5 0
Code: (0 1 1 0 2)(1 2 -1 0 1)
Child: 
(0 1 1 0 2)
(0 1 1 0 2)

Graph: 
v 4 2
v 5 1
v 6 2
e 4 5 0
e 5 6 0
Code: (0 1 1 0 2)(0 2 -1 0 2)
Child: 
(0 1 1 0 2)
(0 1 1 0 2)

Graph: 
v 4 2
v 5 1
v 7 3
e 4 5 0
e 5 7 0
Code: (0 1 1 0 2)(0 2 -1 0 3)
Child: 
(0 1 1 0 2)
(0 1 1 0 3)

Graph: 
v 5 1
v 6 2
v 7 3
e 5 6 0
e 5 7 0
Code: (0 1 1 0 2)(0 2 -1 0 3)
Child: 
(0 1 1 0 2)
(0 1 1 0 3)

Graph: 
v 5 1
v 6 2
v 7 3
e 5 6 0
e 6 7 0
Code: (0 1 1 0 2)(1 2 -1 0 3)
Child: 
(0 1 1 0 2)
(0 1 2 0 3)

Graph: 
v 5 1
v 6 2
v 7 3
e 5 7 0
e 6 7 0
Code: (0 1 1 0 3)(1 2 -1 0 2)
Child: 
(0 1 1 0 3)
(0 1 2 0 3)

Graph: 
v 8 4
v 9 1
v 10 2
e 8 9 0
e 9 10 0
Code: (0 1 1 0 2)(0 2 -1 0 4)
Child: 
(0 1 1 0 2)

Graph: 
v 9 1
v 10 2
v 12 3
e 9 10 0
e 9 12 0
Code: (0 1 1 0 2)(0 2 -1 0 3)
Child: 
(0 1 1 0 2)
(0 1 1 0 3)

Graph: 
v 9 1
v 10 2
v 12 3
e 10 12 0
e 9 10 0
Code: (0 1 1 0 2)(1 2 -1 0 3)
Child: 
(0 1 1 0 2)
(0 1 2 0 3)

Graph: 
v 9 1
v 10 2
v 11 1
e 10 11 0
e 9 10 0
Code: (0 1 1 0 2)(1 2 -1 0 1)
Child: 
(0 1 1 0 2)
(0 1 1 0 2)

Graph: 
v 8 4
v 9 1
v 12 3
e 8 9 0
e 9 12 0
Code: (0 1 1 0 3)(0 2 -1 0 4)
Child: 
(0 1 1 0 3)

Graph: 
v 9 1
v 10 2
v 12 3
e 10 12 0
e 9 12 0
Code: (0 1 1 0 3)(1 2 -1 0 2)
Child: 
(0 1 1 0 3)
(0 1 2 0 3)

Graph: 
v 10 2
v 11 1
v 12 3
e 10 11 0
e 10 12 0
Code: (0 1 1 0 2)(1 2 -1 0 3)
Child: 
(0 1 2 0 3)
(0 1 1 0 2)

Graph: 
v 0 1
v 1 2
v 2 3
e 0 1 0
e 0 2 0
e 1 2 0
Code: (0 1 1 0 2)(1 2 -1 0 3)(2 0 -1 0 -1)
Child: 
(0 1 1 0 2)(0 2 -1 0 3)
(0 1 1 0 2)(1 2 -1 0 3)
(0 1 1 0 3)(1 2 -1 0 2)

Graph: 
v 0 1
v 1 2
v 2 3
v 3 1
e 0 1 0
e 0 2 0
e 2 3 0
Code: (0 1 1 0 2)(0 2 -1 0 3)(2 3 -1 0 1)
Child: 
(0 1 1 0 2)(0 2 -1 0 3)

Graph: 
v 0 1
v 1 2
v 2 3
v 8 4
e 0 1 0
e 0 2 0
e 2 8 0
Code: (0 1 1 0 2)(0 2 -1 0 3)(2 3 -1 0 4)
Child: 
(0 1 1 0 2)(0 2 -1 0 3)

Graph: 
v 0 1
v 1 2
v 2 3
v 3 1
e 0 1 0
e 1 2 0
e 2 3 0
Code: (0 1 1 0 2)(1 2 -1 0 3)(2 3 -1 0 1)
Child: 
(0 1 1 0 2)(1 2 -1 0 3)
(0 1 1 0 3)(1 2 -1 0 2)

Graph: 
v 0 1
v 1 2
v 2 3
v 8 4
e 0 1 0
e 1 2 0
e 2 8 0
Code: (0 1 1 0 2)(1 2 -1 0 3)(2 3 -1 0 4)
Child: 
(0 1 1 0 2)(1 2 -1 0 3)

Graph: 
v 0 1
v 1 2
v 2 3
v 3 1
e 0 2 0
e 1 2 0
e 2 3 0
Code: (0 1 1 0 3)(1 2 -1 0 1)(1 3 -1 0 2)
Child: 
(0 1 1 0 3)(1 2 -1 0 2)
(0 1 1 0 3)(1 2 -1 0 2)

Graph: 
v 0 1
v 1 2
v 2 3
v 8 4
e 0 2 0
e 1 2 0
e 2 8 0
Code: (0 1 1 0 3)(1 2 -1 0 2)(1 3 -1 0 4)
Child: 
(0 1 1 0 3)(1 2 -1 0 2)

Graph: 
v 1 2
v 2 3
v 3 1
v 8 4
e 1 2 0
e 2 3 0
e 2 8 0
Code: (0 1 1 0 3)(1 2 -1 0 2)(1 3 -1 0 4)
Child: 
(0 1 1 0 3)(1 2 -1 0 2)

Graph: 
v 1 2
v 2 3
v 3 1
v 4 2
e 1 2 0
e 2 3 0
e 3 4 0
Code: (0 1 1 0 2)(0 2 -1 0 3)(2 3 -1 0 2)
Child: 
(0 1 1 0 3)(1 2 -1 0 2)
(0 1 1 0 2)(0 2 -1 0 3)

Graph: 
v 0 1
v 2 3
v 3 1
v 4 2
e 0 2 0
e 2 3 0
e 3 4 0
Code: (0 1 1 0 2)(0 2 -1 0 3)(2 3 -1 0 1)
Child: 
(0 1 1 0 2)(0 2 -1 0 3)

Graph: 
v 2 3
v 3 1
v 4 2
v 8 4
e 2 3 0
e 2 8 0
e 3 4 0
Code: (0 1 1 0 2)(0 2 -1 0 3)(2 3 -1 0 4)
Child: 
(0 1 1 0 2)(0 2 -1 0 3)

Graph: 
v 2 3
v 3 1
v 4 2
v 5 1
e 2 3 0
e 3 4 0
e 4 5 0
Code: (0 1 1 0 2)(1 2 -1 0 1)(2 3 -1 0 3)
Child: 
(0 1 1 0 2)(0 2 -1 0 3)

Graph: 
v 3 1
v 4 2
v 5 1
v 7 3
e 3 4 0
e 4 5 0
e 5 7 0
Code: (0 1 1 0 2)(1 2 -1 0 1)(2 3 -1 0 3)
Child: 
(0 1 1 0 2)(0 2 -1 0 3)

Graph: 
v 4 2
v 5 1
v 6 2
v 7 3
e 4 5 0
e 5 6 0
e 5 7 0
Code: (0 1 1 0 2)(0 2 -1 0 2)(0 3 -1 0 3)
Child: 
(0 1 1 0 2)(0 2 -1 0 3)
(0 1 1 0 2)(0 2 -1 0 3)

Graph: 
v 4 2
v 5 1
v 6 2
v 7 3
e 4 5 0
e 5 7 0
e 6 7 0
Code: (0 1 1 0 2)(0 2 -1 0 3)(2 3 -1 0 2)
Child: 
(0 1 1 0 2)(0 2 -1 0 3)
(0 1 1 0 3)(1 2 -1 0 2)

Graph: 
v 5 1
v 6 2
v 7 3
e 5 6 0
e 5 7 0
e 6 7 0
Code: (0 1 1 0 2)(1 2 -1 0 3)(2 0 -1 0 -1)
Child: 
(0 1 1 0 2)(0 2 -1 0 3)
(0 1 1 0 2)(1 2 -1 0 3)
(0 1 1 0 3)(1 2 -1 0 2)

Graph: 
v 4 2
v 5 1
v 6 2
v 7 3
e 4 5 0
e 5 6 0
e 6 7 0
Code: (0 1 1 0 2)(1 2 -1 0 3)(0 3 -1 0 2)
Child: 
(0 1 1 0 2)(1 2 -1 0 3)

Graph: 
v 8 4
v 9 1
v 10 2
v 12 3
e 8 9 0
e 9 10 0
e 9 12 0
Code: (0 1 1 0 2)(0 2 -1 0 3)(0 3 -1 0 4)
Child: 
(0 1 1 0 2)(0 2 -1 0 3)

Graph: 
v 9 1
v 10 2
v 12 3
e 10 12 0
e 9 10 0
e 9 12 0
Code: (0 1 1 0 2)(1 2 -1 0 3)(2 0 -1 0 -1)
Child: 
(0 1 1 0 2)(0 2 -1 0 3)
(0 1 1 0 2)(1 2 -1 0 3)
(0 1 1 0 3)(1 2 -1 0 2)

Graph: 
v 9 1
v 10 2
v 11 1
v 12 3
e 10 11 0
e 9 10 0
e 9 12 0
Code: (0 1 1 0 2)(1 2 -1 0 1)(2 3 -1 0 3)
Child: 
(0 1 1 0 2)(0 2 -1 0 3)

Graph: 
v 8 4
v 9 1
v 10 2
v 12 3
e 10 12 0
e 8 9 0
e 9 10 0
Code: (0 1 1 0 2)(1 2 -1 0 3)(0 3 -1 0 4)
Child: 
(0 1 1 0 2)(1 2 -1 0 3)

Graph: 
v 9 1
v 10 2
v 11 1
v 12 3
e 10 11 0
e 10 12 0
e 9 10 0
Code: (0 1 1 0 2)(1 2 -1 0 1)(1 3 -1 0 3)
Child: 
(0 1 1 0 2)(1 2 -1 0 3)
(0 1 1 0 2)(1 2 -1 0 3)

Graph: 
v 8 4
v 9 1
v 10 2
v 12 3
e 10 12 0
e 8 9 0
e 9 12 0
Code: (0 1 1 0 3)(1 2 -1 0 2)(0 3 -1 0 4)
Child: 
(0 1 1 0 3)(1 2 -1 0 2)

Graph: 
v 9 1
v 10 2
v 11 1
v 12 3
e 10 11 0
e 10 12 0
e 9 12 0
Code: (0 1 1 0 2)(1 2 -1 0 3)(2 3 -1 0 1)
Child: 
(0 1 1 0 3)(1 2 -1 0 2)
(0 1 1 0 2)(1 2 -1 0 3)
