v 0 11
v 1 11
v 2 11
v 3 11
v 4 1
v 5 1
v 6 1
v 7 1
v 8 1
v 9 1
v 10 1
v 11 1
v 12 1
v 13 1
v 14 1
v 15 1
v 16 1
v 17 1
v 18 1
v 19 2
v 20 2
v 21 2
v 22 2
v 23 2
v 24 2
v 25 2
v 26 2
v 27 2
v 28 2
v 29 2
v 30 2
v 31 2
v 32 2
v 33 2
v 34 2
v 35 3
v 36 3
v 37 3
v 38 3
v 39 3
v 40 3
v 41 3
v 42 3
v 43 3
v 44 3
v 45 3
v 46 3
v 47 3
v 48 3
v 49 3
v 50 3
v 51 3
v 52 3
v 53 3
v 54 3
v 55 3
v 56 3
v 57 3
v 58 3
v 59 3
v 60 3
v 61 3
v 62 3
v 63 3
v 64 3
v 65 3
v 66 3
v 67 3
v 68 3
v 69 3
v 70 3
v 71 3
v 72 3
v 73 3
v 74 3
v 75 3
v 76 3
v 77 3
v 78 3
v 79 3
v 80 3
v 81 3
v 82 3
v 83 3
v 84 3
v 85 3
v 86 3
v 87 3
v 88 3
v 89 3
v 90 3
v 91 3
v 92 3
v 93 3
v 94 3
v 95 3
v 96 3
v 97 3
v 98 3
v 99 3
v 100 3
v 101 3
v 102 3
v 103 4
v 104 4
v 105 4
v 106 4
v 107 4
v 108 4
v 109 4
v 110 4
v 111 4
v 112 4
v 113 4
v 114 4
v 115 4
v 116 4
v 117 4
v 118 4
v 119 4
v 120 4
v 121 4
v 122 4
v 123 4
v 124 4
v 125 4
v 126 4
v 127 4
v 128 4
v 129 4
v 130 4
v 131 4
v 132 4
v 133 4
v 134 4
v 135 4
v 136 4
v 137 4
v 138 4
v 139 4
v 140 4
v 141 4
v 142 4
v 143 4
v 144 4
v 145 4
v 146 4
v 147 4
v 148 4
v 149 4
v 150 4
v 151 4
v 152 4
v 153 4
v 154 4
v 155 4
v 156 4
v 157 4
v 158 4
v 159 4
v 160 4
v 161 4
v 162 4
v 163 4
v 164 4
v 165 4
v 166 4
v 167 4
v 168 4
v 169 4
v 170 4
v 171 4
v 172 4
v 173 4
v 174 4
v 175 4
v 176 4
e 0 13 2
e 0 14 2
e 0 31 1
e 0 77 1
e 1 17 2
e 1 18 2
e 1 32 1
e 1 80 1
e 2 95 1
e 2 99 1
e 3 96 1
e 3 101 1
e 4 62 1
e 4 71 1
e 5 69 2
e 6 71 2
e 7 75 1
e 7 89 1
e 8 76 1
e 8 90 1
e 9 85 1
e 9 91 1
e 10 86 1
e 10 92 1
e 11 75 2
e 12 76 2
e 15 85 2
e 16 86 2
e 19 45 1
e 19 54 1
e 19 55 1
e 20 46 1
e 20 56 1
e 20 57 1
e 21 53 1
e 21 58 1
e 21 116 1
e 22 61 1
e 22 69 1
e 22 136 1
e 23 27 2
e 23 63 1
e 24 30 2
e 24 65 1
e 25 70 1
e 25 75 1
e 25 139 1
e 26 70 1
e 26 76 1
e 26 140 1
e 27 73 1
e 28 72 1
e 28 85 1
e 28 141 1
e 29 72 1
e 29 86 1
e 29 142 1
e 30 74 1
e 31 95 1
e 31 155 1
e 32 96 1
e 32 156 1
e 33 95 2
e 33 100 1
e 34 96 2
e 34 102 1
e 35 36 1
e 35 37 1
e 35 38 1
e 35 103 1
e 36 39 2
e 36 41 1
e 37 40 2
e 37 42 1
e 38 43 2
e 38 44 1
e 39 47 1
e 39 104 1
e 40 48 1
e 40 105 1
e 41 49 2
e 41 106 1
e 42 50 2
e 42 107 1
e 43 51 1
e 43 108 1
e 44 52 2
e 44 109 1
e 45 47 2
e 45 49 1
e 46 48 2
e 46 50 1
e 47 110 1
e 48 111 1
e 49 112 1
e 50 113 1
e 51 53 2
e 51 114 1
e 52 53 1
e 52 115 1
e 54 117 1
e 54 118 1
e 54 119 1
e 55 120 1
e 55 121 1
e 55 122 1
e 56 123 1
e 56 124 1
e 56 125 1
e 57 126 1
e 57 127 1
e 57 128 1
e 58 129 1
e 58 130 1
e 58 131 1
e 59 60 2
e 59 61 1
e 59 63 1
e 60 62 1
e 60 64 1
e 61 66 2
e 62 65 2
e 63 67 2
e 64 68 2
e 64 132 1
e 65 67 1
e 66 68 1
e 66 133 1
e 67 134 1
e 68 135 1
e 69 70 1
e 70 137 1
e 71 72 1
e 72 138 1
e 73 78 2
e 73 79 1
e 74 83 2
e 74 84 1
e 77 81 2
e 77 82 1
e 78 81 1
e 78 143 1
e 79 82 2
e 79 144 1
e 80 87 2
e 80 88 1
e 81 145 1
e 82 146 1
e 83 87 1
e 83 147 1
e 84 88 2
e 84 148 1
e 87 149 1
e 88 150 1
e 89 93 1
e 89 151 1
e 89 152 1
e 90 94 1
e 90 153 1
e 90 154 1
e 91 97 1
e 91 157 1
e 91 158 1
e 92 98 1
e 92 159 1
e 92 160 1
e 93 161 1
e 93 162 1
e 93 163 1
e 94 164 1
e 94 165 1
e 94 166 1
e 97 167 1
e 97 168 1
e 97 169 1
e 98 170 1
e 98 171 1
e 98 172 1
e 99 100 2
e 99 173 1
e 100 174 1
e 101 102 2
e 101 175 1
e 102 176 1