v 0 9
v 1 9
v 2 9
v 3 1
v 4 1
v 5 9
v 6 1
v 7 1
v 8 9
v 9 9
v 10 1
v 11 1
v 12 9
v 13 1
v 14 1
v 15 9
v 16 1
v 17 1
v 18 9
v 19 9
v 20 9
v 21 1
v 22 1
v 23 9
v 24 9
v 25 1
v 26 1
v 27 9
v 28 1
v 29 1
v 30 9
v 31 9
v 32 1
v 33 1
v 34 9
v 35 9
v 36 1
v 37 1
v 38 9
v 39 1
v 40 1
v 41 9
v 42 9
v 43 9
v 44 1
v 45 1
v 46 9
v 47 1
v 48 1
v 49 1
v 50 1
v 51 1
v 52 8
v 53 1
v 54 1
v 55 8
v 56 8
v 57 8
v 58 1
v 59 8
v 60 1
v 61 8
v 62 1
v 63 8
v 64 1
v 65 8
v 66 1
v 67 8
v 68 1
v 69 8
v 70 1
v 71 9
v 72 9
v 73 9
v 74 9
v 75 9
v 76 9
v 77 9
v 78 9
v 79 9
v 80 1
v 81 1
v 82 1
v 83 9
v 84 1
v 85 1
v 86 1
v 87 9
v 88 9
v 89 1
v 90 1
v 91 1
v 92 9
v 93 1
v 94 1
v 95 1
v 96 9
v 97 1
v 98 1
v 99 1
v 100 9
v 101 1
v 102 1
v 103 1
v 104 9
v 105 9
v 106 1
v 107 1
v 108 1
v 109 9
v 110 1
v 111 1
v 112 1
v 113 9
v 114 9
v 115 9
v 116 9
v 117 1
v 118 1
v 119 1
v 120 1
v 121 9
v 122 1
v 123 1
v 124 8
v 125 8
v 126 8
v 127 8
v 128 8
v 129 8
v 130 8
v 131 1
v 132 1
v 133 8
v 134 1
v 135 1
v 136 8
v 137 1
v 138 1
v 139 8
v 140 1
v 141 1
e 0 1 0
e 1 2 0
e 1 3 0
e 1 4 0
e 2 5 0
e 2 6 0
e 2 7 0
e 5 8 0
e 8 9 0
e 8 10 0
e 8 11 0
e 9 12 0
e 9 13 0
e 9 14 0
e 12 15 0
e 12 16 0
e 12 17 0
e 15 18 0
e 18 19 0
e 19 20 0
e 19 21 0
e 19 22 0
e 20 23 0
e 23 24 0
e 23 25 0
e 23 26 0
e 24 27 0
e 24 28 0
e 24 29 0
e 27 30 0
e 30 31 0
e 30 32 0
e 30 33 0
e 31 34 0
e 34 35 0
e 34 36 0
e 34 37 0
e 35 38 0
e 35 39 0
e 35 40 0
e 38 41 0
e 41 42 0
e 42 43 0
e 42 44 0
e 42 45 0
e 43 46 0
e 43 47 0
e 43 48 0
e 46 49 0
e 46 50 0
e 46 51 0
e 0 52 0
e 0 53 0
e 0 54 0
e 5 55 0
e 5 56 0
e 15 57 0
e 15 58 0
e 18 59 0
e 18 60 0
e 20 61 0
e 20 62 0
e 27 63 0
e 27 64 0
e 31 65 0
e 31 66 0
e 38 67 0
e 38 68 0
e 41 69 0
e 41 70 0
e 71 72 0
e 72 73 0
e 72 74 0
e 72 75 0
e 73 76 0
e 73 77 0
e 73 78 0
e 75 79 0
e 79 80 0
e 79 81 0
e 79 82 0
e 75 83 0
e 83 84 0
e 83 85 0
e 83 86 0
e 74 87 0
e 74 88 0
e 88 89 0
e 88 90 0
e 88 91 0
e 71 92 0
e 92 93 0
e 92 94 0
e 92 95 0
e 71 96 0
e 96 97 0
e 96 98 0
e 96 99 0
e 75 100 0
e 100 101 0
e 100 102 0
e 100 103 0
e 74 104 0
e 71 105 0
e 105 106 0
e 105 107 0
e 105 108 0
e 77 109 0
e 109 110 0
e 109 111 0
e 109 112 0
e 77 113 0
e 77 114 0
e 78 115 0
e 78 116 0
e 78 117 0
e 116 118 0
e 116 119 0
e 116 120 0
e 76 121 0
e 76 122 0
e 76 123 0
e 87 124 0
e 87 125 0
e 87 126 0
e 104 127 0
e 104 128 0
e 104 129 0
e 113 130 0
e 113 131 0
e 113 132 0
e 115 133 0
e 115 134 0
e 115 135 0
e 114 136 0
e 114 137 0
e 114 138 0
e 121 139 0
e 121 140 0
e 121 141 0